13956721076
13909671356
13705673676
13705676996
13956772876
13956748596
13956749196
13956681156
13909674673
13909671356
13905687516
13905687516
13905687516
13905687516
13805617316
13805617316
13705689756
13705670276
13705672276
13505675556
18895405276
18856731233
18756789676
18726819996
18726799196
18726785636
18726755476
18726704676
18712432553
18712282473
18712237116
18712209876
18709889236
18356758356
18356749996
18355908956
18326798193
18326769266
18326751986
18326743996
18326736556
18306772426
18306723596
18305674396
18297355556
18297340276
18256755036
18256713836
18226902073
18226446436
18226100276
18226086236
18226062756
18205673876
18205674316
15905675876
15856759076
15855895466
15805677436
15256733236
15256370356
15255903396
15178095036
15178086276
15178043476
15156744636
15156721516
15056774796
15056759393
15055045036
13966876116
13856871996
13856813316
13856761916
13856709596
13645678076
13485909676
13615619633
13696653636
13856112076
13856131356
13956480156
13965876116
13966133916
15077983113
15156178306
15212610236
15212629793
15212639676
15756060556
15756083836
15756130066
15756181716
15856101673
15856138596
15856157796
15956173196
18256110316
18356121196